   1.2500000e-04   1.0000000e+00   8.0000000e+00   2.0000000e+00
   1.5625000e-04   1.0000000e+00   8.0000000e+00   2.0000000e+00
   2.0000000e-04   1.0000000e+00   8.0000000e+00   2.0000000e+00
   2.5000000e-04   1.0000000e+00   8.0000000e+00   2.0000000e+00
   3.1250000e-04   1.0000000e+00   8.0000000e+00   2.0000000e+00
   4.0000000e-04   1.0000000e+00   8.0000000e+00   2.0000000e+00
   5.0000000e-04   1.0000000e+00   8.0000000e+00   2.0000000e+00
   6.2500000e-04   1.0000000e+00   8.0000000e+00   2.0000000e+00
   8.0000000e-04   1.0000000e+00   8.0000000e+00   2.0000000e+00
   1.0000000e-03   1.0000000e+00   8.0000000e+00   2.0000000e+00
   1.2500000e-03   1.0000000e+00   8.0000000e+00   2.0000000e+00
   1.5625000e-03   1.0000000e+00   8.0000000e+00   2.0000000e+00
   2.0000000e-03   1.0000000e+00   8.0000000e+00   2.0000000e+00
   2.5000000e-03   1.0000000e+00   8.0000000e+00   2.0000000e+00
   3.1250000e-03   1.0000000e+00   8.0000000e+00   2.0000000e+00
   4.0000000e-03   1.0000000e+00   8.0000000e+00   2.0000000e+00
   5.0000000e-03   1.0000000e+00   8.0000000e+00   2.0000000e+00
   6.2500000e-03   1.0000000e+00   8.0000000e+00   2.0000000e+00
   8.0000000e-03   1.0000000e+00   8.0000000e+00   2.0000000e+00
   1.0000000e-02   1.0000000e+00   8.0000000e+00   2.0000000e+00
   1.2500000e-02   1.0000000e+00   8.0000000e+00   2.0000000e+00
   1.6666667e-02   1.0000000e+00   8.0000000e+00   2.0000000e+00
   2.0000000e-02   1.0000000e+00   8.0000000e+00   2.0000000e+00
   2.5000000e-02   1.0000000e+00   8.0000000e+00   2.0000000e+00
   3.3333333e-02   1.0000000e+00   8.0000000e+00   2.0000000e+00
   4.0000000e-02   1.0000000e+00   8.0000000e+00   2.0000000e+00
   5.0000000e-02   1.0000000e+00   8.0000000e+00   2.0000000e+00
   6.6666667e-02   1.0000000e+00   8.0000000e+00   2.0000000e+00
   7.6923077e-02   1.0000000e+00   8.0000000e+00   2.0000000e+00
   1.0000000e-01   1.0000000e+00   8.0000000e+00   2.0000000e+00
   1.2500000e-01   1.0000000e+00   8.0000000e+00   2.0000000e+00
   1.6666667e-01   1.0000000e+00   8.0000000e+00   2.0000000e+00
   2.0000000e-01   1.0000000e+00   8.0000000e+00   2.0000000e+00
   2.5000000e-01   1.0000000e+00   8.0000000e+00   2.0000000e+00
   3.0000000e-01   1.0000000e+00   8.0000000e+00   2.0000000e+00
   4.0000000e-01   1.0000000e+00   8.0000000e+00   2.0000000e+00
   5.0000000e-01   1.0000000e+00   8.0000000e+00   2.0000000e+00
   6.0000000e-01   1.0000000e+00   8.0000000e+00   2.0000000e+00
   8.0000000e-01   1.0000000e+00   8.0000000e+00   2.0000000e+00
   1.0000000e+00   1.0000000e+00   8.0000000e+00   2.0000000e+00
   1.3000000e+00   5.6000000e+01   2.0000000e+01   1.9000000e+01
   1.6000000e+00   5.6000000e+01   1.8000000e+01   1.9000000e+01
   2.0000000e+00   6.7000000e+01   2.4000000e+01   2.4000000e+01
   2.5000000e+00   4.4000000e+01   1.6000000e+01   1.9000000e+01
   3.0000000e+00   5.6000000e+01   2.0000000e+01   2.4000000e+01
   4.0000000e+00   4.4000000e+01   2.0000000e+01   2.4000000e+01
   5.0000000e+00   5.6000000e+01   2.2000000e+01   2.4000000e+01
   6.0000000e+00   5.6000000e+01   2.2000000e+01   2.8000000e+01
   8.0000000e+00   4.4000000e+01   1.6000000e+01   1.9000000e+01
   1.0000000e+01   5.6000000e+01   1.8000000e+01   2.4000000e+01
   1.3000000e+01   7.8000000e+01   2.4000000e+01   2.8000000e+01
   1.5000000e+01   6.7000000e+01   2.2000000e+01   2.4000000e+01
   2.0000000e+01   6.7000000e+01   2.0000000e+01   2.4000000e+01
   2.5000000e+01   6.7000000e+01   2.4000000e+01   2.8000000e+01
   3.0000000e+01   5.6000000e+01   2.2000000e+01   2.8000000e+01
